DU=/u, USER=guest, NAME=Et-KHJ-27, EXPNO=10, PROCNO=1
F1=11.000ppm, F2=-1.000ppm, MI=0.50cm, MAXI=10000.00cm, PC=1.000
     #     ADDRESS            FREQUENCY         INTENSITY
                           [Hz]        [PPM]
     1      9258.9     4015.834      10.0363        19.00
     2     12771.6     3245.720       8.1117         0.62
     3     12778.3     3244.269       8.1080         0.51
     4     12935.9     3209.709       8.0217         0.58
     5     12941.1     3208.570       8.0188         0.57
     6     12973.5     3201.461       8.0011         0.70
     7     12979.9     3200.053       7.9975         0.55
     8     13139.4     3165.092       7.9102        10.19
     9     13144.8     3163.909       7.9072        10.82
    10     13167.4     3158.947       7.8948         5.45
    11     13176.2     3157.021       7.8900        13.95
    12     13183.0     3155.529       7.8863        10.60
    13     13576.4     3069.284       7.6707         1.60
    14     13582.5     3067.943       7.6674         2.61
    15     13588.8     3066.574       7.6639         1.61
    16     13606.5     3062.685       7.6542         2.77
    17     13615.8     3060.640       7.6491         6.60
    18     13625.6     3058.510       7.6438         2.32
    19     13633.8     3056.698       7.6393         1.02
    20     13643.8     3054.519       7.6338         3.42
    21     13649.9     3053.178       7.6305         5.10
    22     13656.1     3051.817       7.6271         2.42
    23     13764.8     3027.987       7.5675         9.16
    24     13800.1     3020.237       7.5481        13.01
    25     13833.2     3012.998       7.5300         5.83
    26     13867.7     3005.435       7.5111         0.99
    27     13876.4     3003.510       7.5063         0.65
    28     13903.4     2997.604       7.4916         0.62
    29     13913.3     2995.425       7.4861         0.70
    30     14307.9     2908.916       7.2699         1.32
    31     23599.6      871.855       2.1789         0.91
