DU=/u, USER=guest, NAME=et-19, EXPNO=10, PROCNO=1
F1=11.000ppm, F2=-1.000ppm, MI=0.50cm, MAXI=10000.00cm, PC=1.000
     #     ADDRESS            FREQUENCY         INTENSITY
                           [Hz]        [PPM]
     1     14306.7     2995.756       7.4870         0.95
     2     14309.7     2994.990       7.4850         0.83
     3     21461.1     1188.355       2.9699         2.50
     4     21473.6     1185.177       2.9620         2.55
     5     21486.3     1181.975       2.9540         2.61
     6     23021.2      794.229       1.9849         2.21
     7     23090.4      776.730       1.9412         3.26
     8     23380.8      703.369       1.7579         1.36
     9     23446.8      686.704       1.7162         0.95
    10     24438.8      436.079       1.0898        19.00
